0A 00 00 00 
04 00 00 00 
10 00 00 00 
08 00 00 00 
03 00 00 00 
05 00 00 00 
01 00 00 00 

04 00 00 00 
20 00 00 00 
08 00 00 00 
05 00 00 00 
03 00 00 00 
01 00 00 00 

03 00 00 00 
02 00 00 00 
08 00 00 00 
0B 00 00 00 
01 00 00 00 

0C 00 00 00     v5 = Str[v9] + 1;
08 00 00 00 
04 00 00 00     v5 = a1[v10 + 1] ^ Str[v9];
04 00 00 00 
01 00 00 00 

05 00 00 00 
03 00 00 00 
08 00 00 00 
03 00 00 00 
21 00 00 00 
01 00 00 00 

0B 00 00 00 
08 00 00 00 
0B 00 00 00 
01 00 00 00 

04 00 00 00 
09 00 00 00 
08 00 00 00 
03 00 00 00 
20 00 00 00 
01 00 00 00 

02 00 00 00 
51 00 00 00 
08 00 00 00 
04 00 00 00 
24 00 00 00 
01 00 00 00 

0C 00 00 00 
08 00 00 00 
0B 00 00 00 
01 00 00 00 

05 00 00 00 
02 00 00 00 
08 00 00 00 
02 00 00 00 
25 00 00 00 
01 00 00 00 

02 00 00 00     
36 00 00 00 
08 00 00 00 
04 00 00 00 
41 00 00 00 
01 00 00 00 

02 00 00 00    v5 = a1[v10 + 1] + Str[v9];
20 00 00 00    
08 00 00 00    Str[v6] = v5;
05 00 00 00     v5 = a1[v10 + 1] * Str[v9];
01 00 00 00 
01 00 00 00    

05 00 00 00  v5 = a1[v10 + 1] * Str[v9];
03 00 00 00 
08 00 00 00   Str[v6] = v5;
02 00 00 00     v5 = a1[v10 + 1] + Str[v9];
               v10 += 2;
25 00 00 00 
01 00 00 00 

04 00 00 00   v5 = a1[v10 + 1] ^ Str[v9];
09 00 00 00  
08 00 00 00 
03 00 00 00 v5 = Str[v9] - LOBYTE(a1[v10 + 1]);
20 00 00 00 
01 00 00 00 

02 00 00 00   v5 = a1[v10 + 1] + Str[v9];
41 00 00 00 
08 00 00 00 
0C 00 00 00  v5 = Str[v9] + 1;
01 00 00 00 



07 00 00 00 
22 00 00 00 
07 00 00 00 
3F 00 00 00 
07 00 00 00 
34 00 00 00 
07 00 00 00 
32 00 00 00 
07 00 00 00 
72 00 00 00 
07 00 00 00 
33 00 00 00 
07 00 00 00 
18 00 00 00 
07 00 00 00 
A7 FF FF FF 
07 00 00 00 
31 00 00 00 
07 00 00 00 
F1 FF FF FF 
07 00 00 00 
28 00 00 00 
07 00 00 00 
84 FF FF FF 
07 00 00 00 
C1 FF FF FF 
07 00 00 00 
1E 00 00 00 
07 00 00 00 
7A 00 00 00 
00 00 00 00 
00 00 00 00 
00 00 00 00 
00 00 00 00 
00 00 00 00 
00 00 00 00 
00 00 00 00 
00 00 00 00 
00 00 00 00 
00 00 00 00 
00 00 00 00 
00 00 00 00 
00 00 00 00 
00 00 00 00